 0.0000  1.0000 -0.0000 1.0035 0.0000 -0.0000 -0.0031 0.0000 
 0.0001  1.0000 0.0000 1.0037 0.0000 -0.0001 -0.0031 -0.0000 
 0.0002  1.0000 0.0000 1.0039 0.0000 -0.0003 -0.0032 -0.0000 
 0.0003  0.9999 0.0000 1.0040 0.0000 -0.0004 -0.0032 -0.0001 
 0.0004  0.9998 0.0000 1.0042 0.0001 -0.0005 -0.0033 -0.0001 
 0.0005  0.9997 0.0001 1.0044 0.0001 -0.0006 -0.0033 -0.0001 
 0.0006  0.9995 0.0001 1.0045 0.0001 -0.0007 -0.0034 -0.0001 
 0.0007  0.9993 0.0002 1.0047 0.0001 -0.0009 -0.0034 -0.0002 
 0.0008  0.9990 0.0002 1.0048 0.0002 -0.0010 -0.0034 -0.0002 
 0.0009  0.9986 0.0003 1.0049 0.0002 -0.0011 -0.0034 -0.0002 
 0.0010  0.9981 0.0005 1.0049 0.0003 -0.0012 -0.0034 -0.0002 
 0.0011  0.9973 0.0006 1.0049 0.0004 -0.0013 -0.0034 -0.0002 
 0.0012  0.9963 0.0009 1.0049 0.0005 -0.0013 -0.0033 -0.0003 
 0.0013  0.9949 0.0012 1.0047 0.0006 -0.0014 -0.0032 -0.0003 
 0.0014  0.9926 0.0018 1.0043 0.0008 -0.0014 -0.0031 -0.0003 
 0.0015  0.9890 0.0026 1.0036 0.0011 -0.0013 -0.0027 -0.0003 
 0.0016  0.9822 0.0042 1.0020 0.0017 -0.0010 -0.0021 -0.0003 
 0.0017  0.9652 0.0083 0.9979 0.0031 -0.0002 -0.0004 -0.0002 
 0.0018  0.8595 0.0334 0.9711 0.0119 0.0058 0.0104 0.0005 
 0.0019  1.0195 -0.0046 1.0042 -0.0016 -0.0009 -0.0015 -0.0001 

