 0.0013  0.3063 0.1652 0.5276 0.0813 0.0964 0.2386 0.0249 
 0.0014  0.2301 0.1833 0.3716 0.0838 0.1358 0.3003 0.0427 
 0.0015  0.1986 0.1908 0.3009 0.0814 0.1557 0.3187 0.0533 
 0.0016  0.1769 0.1960 0.2522 0.0784 0.1701 0.3264 0.0618 
 0.0017  0.1605 0.1999 0.2159 0.0752 0.1813 0.3286 0.0689 
 0.0018  0.1483 0.2028 0.1891 0.0721 0.1902 0.3269 0.0748 
 0.0019  0.1377 0.2053 0.1668 0.0692 0.1978 0.3237 0.0801 
 0.0020  0.1287 0.2074 0.1483 0.0664 0.2042 0.3195 0.0849 
 0.0021  0.1212 0.2092 0.1334 0.0638 0.2096 0.3142 0.0890 
 0.0022  0.1146 0.2108 0.1205 0.0613 0.2143 0.3086 0.0928 
 0.0023  0.1086 0.2122 0.1094 0.0591 0.2184 0.3029 0.0962 
 0.0024  0.1034 0.2135 0.1001 0.0569 0.2221 0.2969 0.0994 
 0.0025  0.0987 0.2146 0.0918 0.0549 0.2253 0.2909 0.1022 
 0.0026  0.0945 0.2156 0.0846 0.0531 0.2283 0.2850 0.1049 
 0.0027  0.0906 0.2165 0.0782 0.0513 0.2309 0.2792 0.1073 
 0.0028  0.0871 0.2174 0.0725 0.0497 0.2332 0.2735 0.1095 
 0.0029  0.0838 0.2181 0.0675 0.0481 0.2354 0.2679 0.1116 
